                         tag protocol data loss     seed  epoch  users   warm%   R@10  NDCG@10  R@100  R@500  pop_R@10  pop_NDCG@10  pop_R@500  warm_R@500  cold_R@500  overlap  main_R@500(all targets)  main_NDCG@10(all targets)
loo-all-bce-lr3e-4-s20260917      loo  all  bce 20260917      7  18446 22.1566 0.0074   0.0050 0.0215 0.0399    0.0082       0.0042     0.0406      0.1801         0.0   0.5600                   0.0360                     0.0035
              loo-all-bce-s1      loo  all  bce        1      2  18446 22.1566 0.0079   0.0042 0.0217 0.0365    0.0082       0.0042     0.0406      0.1647         0.0   0.4886                   0.0357                     0.0029
              loo-all-bce-s2      loo  all  bce        2      2  18446 22.1566 0.0082   0.0044 0.0208 0.0394    0.0082       0.0042     0.0406      0.1776         0.0   0.4932                   0.0348                     0.0028
       loo-all-bce-s20260917      loo  all  bce 20260917      4  18446 22.1566 0.0074   0.0048 0.0202 0.0368    0.0082       0.0042     0.0406      0.1659         0.0   0.4535                   0.0339                     0.0033
               loo-all-ce-s1      loo  all   ce        1      2  18446 22.1566 0.0081   0.0049 0.0200 0.0377    0.0082       0.0042     0.0406      0.1703         0.0   0.5085                   0.0324                     0.0029
               loo-all-ce-s2      loo  all   ce        2      1  18446 22.1566 0.0076   0.0043 0.0183 0.0342    0.0082       0.0042     0.0406      0.1541         0.0   0.4734                   0.0315                     0.0026
        loo-all-ce-s20260917      loo  all   ce 20260917      2  18446 22.1566 0.0075   0.0049 0.0197 0.0381    0.0082       0.0042     0.0406      0.1718         0.0   0.5039                   0.0327                     0.0031
              loo-rec-bce-s1      loo  rec  bce        1      3   9804 19.9918 0.0065   0.0039 0.0172 0.0303    0.0067       0.0033     0.0329      0.1515         0.0   0.3277                   0.0303                     0.0039
              loo-rec-bce-s2      loo  rec  bce        2      4   9804 19.9918 0.0062   0.0032 0.0159 0.0301    0.0067       0.0033     0.0329      0.1505         0.0   0.3437                   0.0301                     0.0032
       loo-rec-bce-s20260917      loo  rec  bce 20260917      4   9804 19.9918 0.0063   0.0038 0.0178 0.0320    0.0067       0.0033     0.0329      0.1602         0.0   0.3638                   0.0320                     0.0038
               loo-rec-ce-s1      loo  rec   ce        1      2   9804 19.9918 0.0066   0.0043 0.0190 0.0325    0.0067       0.0033     0.0329      0.1628         0.0   0.4367                   0.0325                     0.0043
               loo-rec-ce-s2      loo  rec   ce        2      4   9804 19.9918 0.0062   0.0044 0.0153 0.0309    0.0067       0.0033     0.0329      0.1546         0.0   0.3732                   0.0309                     0.0044
        loo-rec-ce-s20260917      loo  rec   ce 20260917      1   9804 19.9918 0.0064   0.0039 0.0140 0.0215    0.0067       0.0033     0.0329      0.1077         0.0   0.2604                   0.0215                     0.0039
              tsp-all-bce-s1      tsp  all  bce        1      1   1536 24.5443 0.0130   0.0057 0.0449 0.0638    0.0111       0.0047     0.0645      0.2599         0.0   0.5880                   0.0470                     0.0030
              tsp-all-bce-s2      tsp  all  bce        2      1   1536 24.5443 0.0124   0.0058 0.0410 0.0612    0.0111       0.0047     0.0645      0.2493         0.0   0.5960                   0.0503                     0.0038
       tsp-all-bce-s20260917      tsp  all  bce 20260917      2   1536 24.5443 0.0137   0.0060 0.0475 0.0638    0.0111       0.0047     0.0645      0.2599         0.0   0.5380                   0.0540                     0.0034
               tsp-all-ce-s1      tsp  all   ce        1      3   1536 24.5443 0.0046   0.0029 0.0202 0.0423    0.0111       0.0047     0.0645      0.1724         0.0   0.1158                   0.0335                     0.0016
               tsp-all-ce-s2      tsp  all   ce        2      2   1536 24.5443 0.0065   0.0028 0.0378 0.0664    0.0111       0.0047     0.0645      0.2706         0.0   0.3450                   0.0491                     0.0012
        tsp-all-ce-s20260917      tsp  all   ce 20260917      1   1536 24.5443 0.0072   0.0027 0.0378 0.0632    0.0111       0.0047     0.0645      0.2573         0.0   0.5440                   0.0507                     0.0011
              tsp-rec-bce-s1      tsp  rec  bce        1      1    988 20.5466 0.0121   0.0051 0.0314 0.0405    0.0081       0.0031     0.0445      0.1970         0.0   0.4924                   0.0405                     0.0051
              tsp-rec-bce-s2      tsp  rec  bce        2      1    988 20.5466 0.0051   0.0026 0.0304 0.0496    0.0081       0.0031     0.0445      0.2414         0.0   0.5004                   0.0496                     0.0026
       tsp-rec-bce-s20260917      tsp  rec  bce 20260917      1    988 20.5466 0.0111   0.0046 0.0324 0.0445    0.0081       0.0031     0.0445      0.2167         0.0   0.4929                   0.0445                     0.0046
               tsp-rec-ce-s1      tsp  rec   ce        1      2    988 20.5466 0.0040   0.0022 0.0294 0.0536    0.0081       0.0031     0.0445      0.2611         0.0   0.3373                   0.0536                     0.0022
               tsp-rec-ce-s2      tsp  rec   ce        2      3    988 20.5466 0.0091   0.0045 0.0223 0.0405    0.0081       0.0031     0.0445      0.1970         0.0   0.0983                   0.0405                     0.0045
        tsp-rec-ce-s20260917      tsp  rec   ce 20260917      3    988 20.5466 0.0061   0.0032 0.0182 0.0395    0.0081       0.0031     0.0445      0.1921         0.0   0.1167                   0.0395                     0.0032
               uh-all-bce-s1       uh  all  bce        1      1   5530 46.9620 0.0096   0.0056 0.0329 0.0530    0.0098       0.0054     0.0537      0.1128         0.0   0.6332                   0.0509                     0.0034
               uh-all-bce-s2       uh  all  bce        2      1   5530 46.9620 0.0098   0.0056 0.0325 0.0557    0.0098       0.0054     0.0537      0.1186         0.0   0.6147                   0.0506                     0.0033
        uh-all-bce-s20260917       uh  all  bce 20260917      1   5530 46.9620 0.0089   0.0051 0.0313 0.0564    0.0098       0.0054     0.0537      0.1201         0.0   0.6240                   0.0502                     0.0032
                uh-all-ce-s1       uh  all   ce        1      2   5530 46.9620 0.0101   0.0055 0.0324 0.0627    0.0098       0.0054     0.0537      0.1336         0.0   0.4233                   0.0562                     0.0033
                uh-all-ce-s2       uh  all   ce        2      2   5530 46.9620 0.0089   0.0047 0.0304 0.0575    0.0098       0.0054     0.0537      0.1224         0.0   0.3960                   0.0542                     0.0031
         uh-all-ce-s20260917       uh  all   ce 20260917      2   5530 46.9620 0.0071   0.0041 0.0320 0.0586    0.0098       0.0054     0.0537      0.1248         0.0   0.4778                   0.0550                     0.0028
               uh-rec-bce-s1       uh  rec  bce        1      1   3545 42.4542 0.0079   0.0042 0.0248 0.0480    0.0062       0.0032     0.0443      0.1130         0.0   0.5338                   0.0480                     0.0042
               uh-rec-bce-s2       uh  rec  bce        2      2   3545 42.4542 0.0073   0.0042 0.0237 0.0434    0.0062       0.0032     0.0443      0.1023         0.0   0.4726                   0.0434                     0.0042
        uh-rec-bce-s20260917       uh  rec  bce 20260917      1   3545 42.4542 0.0082   0.0049 0.0245 0.0463    0.0062       0.0032     0.0443      0.1090         0.0   0.5101                   0.0463                     0.0049
                uh-rec-ce-s1       uh  rec   ce        1      1   3545 42.4542 0.0076   0.0038 0.0228 0.0465    0.0062       0.0032     0.0443      0.1096         0.0   0.5365                   0.0465                     0.0038
                uh-rec-ce-s2       uh  rec   ce        2      3   3545 42.4542 0.0059   0.0030 0.0181 0.0339    0.0062       0.0032     0.0443      0.0797         0.0   0.2560                   0.0339                     0.0030
         uh-rec-ce-s20260917       uh  rec   ce 20260917     16   3545 42.4542 0.0023   0.0012 0.0073 0.0138    0.0062       0.0032     0.0443      0.0326         0.0   0.0097                   0.0138                     0.0012
